3 0.757031 0.498611 0.037500 0.091667
3 0.896484 0.502083 0.083594 0.120833
3 0.819531 0.509028 0.048437 0.076389
5 0.180859 0.430556 0.102344 0.213889
1 0.850781 0.533333 0.031250 0.091667
1 0.645312 0.505556 0.040625 0.097222
1 0.236719 0.525694 0.029687 0.106944
1 0.194141 0.531944 0.036719 0.138889
1 0.129688 0.544444 0.042188 0.158333
1 0.046875 0.544444 0.070312 0.158333
6 0.844922 0.468056 0.030469 0.063889
6 0.062891 0.502778 0.033594 0.191667
6 0.128125 0.449306 0.035937 0.087500
6 0.197266 0.449306 0.041406 0.076389
6 0.238672 0.461806 0.033594 0.079167
