5 0.885938 0.399306 0.087500 0.134722
1 0.806250 0.511806 0.017188 0.073611
1 0.827344 0.512500 0.029687 0.102778
1 0.864844 0.513194 0.026563 0.081944
1 0.894922 0.523611 0.030469 0.108333
1 0.926172 0.514583 0.025781 0.098611
3 0.015234 0.439583 0.030469 0.129167
0 0.063672 0.409028 0.030469 0.095833
4 0.067578 0.443056 0.061719 0.122222
6 0.833984 0.464583 0.022656 0.084722
6 0.859375 0.463889 0.018750 0.047222
6 0.887109 0.456250 0.028906 0.076389
6 0.923437 0.469444 0.026563 0.077778
6 0.809766 0.466667 0.013281 0.041667
