3 0.450391 0.501389 0.036719 0.069444
3 0.542969 0.500000 0.060938 0.075000
3 0.937500 0.534722 0.045313 0.086111
3 0.983203 0.543056 0.033594 0.105556
5 0.082031 0.427083 0.070312 0.098611
1 0.032422 0.531250 0.017969 0.070833
1 0.049609 0.522917 0.022656 0.084722
1 0.075391 0.522917 0.021094 0.062500
1 0.100781 0.528472 0.020312 0.059722
1 0.119922 0.509722 0.025781 0.072222
1 0.353125 0.505556 0.039062 0.069444
1 0.479297 0.520833 0.027344 0.063889
1 0.789453 0.534028 0.035156 0.054167
6 0.475000 0.481944 0.021875 0.066667
6 0.051562 0.476389 0.021875 0.044444
6 0.071875 0.488194 0.017188 0.056944
6 0.094922 0.476389 0.022656 0.055556
6 0.121094 0.479167 0.017188 0.033333
6 0.033203 0.485417 0.013281 0.034722
