3 0.782031 0.522222 0.051562 0.097222
3 0.854688 0.532639 0.043750 0.076389
3 0.823438 0.518750 0.023438 0.054167
5 0.047266 0.431944 0.060156 0.086111
1 0.037891 0.528472 0.019531 0.056944
1 0.082031 0.522917 0.021875 0.068056
1 0.377734 0.513194 0.022656 0.054167
1 0.619141 0.528472 0.033594 0.065278
1 0.651953 0.521528 0.039844 0.065278
1 0.064844 0.530556 0.017188 0.055556
1 0.096484 0.525000 0.021094 0.061111
1 0.275391 0.510417 0.025781 0.065278
6 0.037500 0.490972 0.017188 0.056944
6 0.079297 0.493056 0.022656 0.052778
6 0.096875 0.493750 0.020312 0.048611
6 0.058984 0.494444 0.016406 0.030556
6 0.377344 0.483333 0.018750 0.041667
