3 0.696484 0.498611 0.060156 0.100000
3 0.590234 0.499306 0.041406 0.076389
5 0.132422 0.395139 0.086719 0.112500
1 0.631641 0.519444 0.028906 0.094444
1 0.476172 0.501389 0.041406 0.086111
1 0.065625 0.517361 0.040625 0.101389
1 0.127734 0.519444 0.036719 0.088889
1 0.166406 0.506944 0.029687 0.083333
1 0.436328 0.497917 0.027344 0.079167
6 0.069141 0.453472 0.025781 0.070833
6 0.102344 0.457639 0.020312 0.040278
6 0.123438 0.449306 0.023438 0.065278
6 0.164453 0.459028 0.014844 0.054167
6 0.182422 0.462500 0.019531 0.063889
6 0.630469 0.471528 0.021875 0.054167
