0 0.957422 0.332639 0.041406 0.212500
0 0.934375 0.331250 0.026563 0.090278
0 0.983594 0.267361 0.032812 0.218056
0 0.867578 0.333333 0.066406 0.291667
0 0.762500 0.302083 0.050000 0.226389
0 0.502344 0.402778 0.084375 0.300000
0 0.603906 0.365278 0.050000 0.108333
0 0.076172 0.520833 0.057031 0.286111
1 0.400391 0.468750 0.086719 0.195833
6 0.408594 0.389583 0.053125 0.131944
1 0.700391 0.420139 0.049219 0.170833
1 0.745703 0.406250 0.044531 0.134722
1 0.248437 0.512500 0.026563 0.116667
1 0.271875 0.522222 0.026563 0.116667
