5 0.951953 0.397917 0.096094 0.359722
1 0.664453 0.524306 0.080469 0.234722
1 0.802344 0.543750 0.087500 0.301389
1 0.858984 0.536806 0.041406 0.198611
1 0.953906 0.553472 0.092188 0.301389
3 0.019531 0.450000 0.039062 0.108333
3 0.069922 0.453472 0.060156 0.093056
3 0.117969 0.459722 0.037500 0.075000
4 0.039453 0.448611 0.035156 0.097222
4 0.155078 0.457639 0.058594 0.093056
0 0.151562 0.432639 0.026563 0.081944
6 0.721484 0.456944 0.058594 0.291667
6 0.817578 0.442361 0.066406 0.351389
6 0.866406 0.458333 0.045313 0.225000
6 0.973828 0.409028 0.052344 0.279167
