3 0.037500 0.511806 0.020312 0.048611
3 0.063281 0.518056 0.015625 0.044444
3 0.075000 0.522222 0.015625 0.055556
3 0.092578 0.525000 0.025781 0.066667
3 0.127734 0.525694 0.049219 0.065278
3 0.582422 0.550694 0.171094 0.240278
3 0.759375 0.546528 0.075000 0.106944
3 0.875391 0.555556 0.060156 0.075000
3 0.911328 0.554167 0.032031 0.055556
4 0.835547 0.548611 0.032031 0.088889
1 0.294531 0.552083 0.051562 0.062500
1 0.713281 0.558333 0.039062 0.108333
1 0.175781 0.530556 0.015625 0.052778
1 0.196484 0.536806 0.014844 0.048611
1 0.209766 0.539583 0.008594 0.043056
6 0.714453 0.517361 0.033594 0.081944
6 0.302734 0.525000 0.032031 0.075000
