1 0.254453 0.487402 0.023625 0.103315
1 0.275859 0.500604 0.016562 0.102163
1 0.290848 0.497156 0.017242 0.109059
1 0.309688 0.505197 0.015328 0.088399
1 0.329801 0.494867 0.02107 0.099874
1 0.349594 0.498883 0.023625 0.09184
1 0.374184 0.509213 0.02043 0.094129
1 0.393336 0.508062 0.024266 0.087247
1 0.418563 0.506341 0.018516 0.088385
1 0.445055 0.514375 0.023 0.083806
1 0.468051 0.516678 0.017883 0.092992
1 0.494551 0.518392 0.028742 0.101025
3 0.669203 0.506945 0.214562 0.183722
1 0.195762 0.489719 0.06457 0.078989
6 0.198871 0.466454 0.030617 0.120548
3 0.030461 0.438841 0.060922 0.282317
1 0.828879 0.539614 0.043695 0.066868
6 0.826367 0.526454 0.019375 0.095435
