1 0.707621 0.466931 0.03593 0.11257
1 0.629328 0.466959 0.037719 0.145716
1 0.668031 0.46861 0.037781 0.142416
1 0.585613 0.516538 0.068148 0.192149
1 0.448414 0.531468 0.084734 0.228357
1 0.308898 0.54639 0.102203 0.205253
1 0.230156 0.562079 0.051562 0.220225
1 0.186434 0.565428 0.03407 0.187065
1 0.156055 0.577037 0.026641 0.177107
1 0.130266 0.588603 0.061687 0.160576
2 0.090672 0.596882 0.011969 0.130787
1 0.074555 0.601018 0.011047 0.102626
1 0.058906 0.60764 0.014734 0.092697
3 0.02807 0.583638 0.056141 0.163876
