3 0.363773 0.464677 0.192297 0.149298
1 0.202094 0.440899 0.0185 0.067753
1 0.219625 0.443778 0.015281 0.068876
1 0.233039 0.442051 0.016641 0.070028
1 0.24934 0.445499 0.017242 0.065435
3 0.60309 0.489171 0.21132 0.155084
4 0.797543 0.497121 0.173664 0.154916
0 0.485484 0.466046 0.024266 0.134312
0 0.944926 0.518862 0.017227 0.104466
1 0.176246 0.482367 0.045477 0.075435
6 0.177723 0.45257 0.038305 0.104017
1 0.071039 0.462212 0.049172 0.097767
6 0.071414 0.424565 0.029672 0.105365
1 0.897105 0.516215 0.047742 0.075548
6 0.898207 0.495442 0.018117 0.093694
