1 0.185176 0.475892 0.01918 0.103272
1 0.203062 0.473048 0.016562 0.102163
1 0.218051 0.477029 0.01468 0.103244
1 0.233059 0.485674 0.01532 0.088399
1 0.251895 0.491419 0.02107 0.099888
1 0.270066 0.489143 0.016586 0.083848
1 0.288297 0.489684 0.013391 0.082626
1 0.305543 0.490843 0.015977 0.094129
1 0.325332 0.493715 0.018523 0.088385
3 0.44123 0.486826 0.208164 0.168764
3 0.738168 0.493139 0.30907 0.259452
1 0.135715 0.479333 0.063102 0.076447
6 0.13484 0.454108 0.02407 0.116643
3 0.03227 0.433645 0.064539 0.282317
