3 0.213074 0.514438 0.152133 0.143933
3 0.507062 0.508265 0.086266 0.12316
3 0.398754 0.511791 0.053195 0.039059
3 0.553277 0.503237 0.018367 0.029059
3 0.960938 0.522872 0.078125 0.200801
5 0.665664 0.461945 0.103594 0.185604
0 0.78157 0.487886 0.021703 0.078722
1 0.81941 0.516433 0.024617 0.047051
6 0.818773 0.480407 0.024109 0.065927
1 0.575094 0.514888 0.013187 0.024831
6 0.575621 0.495021 0.014648 0.030098
6 0.590633 0.513399 0.010969 0.023624
6 0.589945 0.495126 0.011438 0.031629
1 0.086598 0.542226 0.041227 0.062542
6 0.08443 0.520176 0.025312 0.104031
