1 0.329164 0.497732 0.023625 0.103329
1 0.349934 0.498308 0.01657 0.102177
1 0.365559 0.499459 0.017242 0.109059
1 0.387594 0.496011 0.015328 0.088399
1 0.408348 0.499459 0.02107 0.099874
1 0.433891 0.498883 0.023625 0.09184
1 0.457836 0.505772 0.020437 0.094129
1 0.478906 0.503469 0.024266 0.087247
1 0.500297 0.512079 0.018516 0.088399
1 0.525844 0.51323 0.028734 0.090702
1 0.551066 0.514375 0.017883 0.092992
1 0.574375 0.513799 0.028734 0.101025
3 0.833316 0.519551 0.157086 0.149242
1 0.127469 0.472718 0.052078 0.09493
6 0.1305 0.437732 0.031813 0.103132
1 0.267355 0.49625 0.07032 0.081657
6 0.269043 0.468427 0.030617 0.127022
