3 0.520738 0.51026 0.071867 0.103272
5 0.722164 0.444101 0.113859 0.255618
0 0.841465 0.492015 0.021305 0.072654
3 0.461059 0.497956 0.041148 0.044902
4 0.805312 0.48144 0.050703 0.070014
1 0.926469 0.519031 0.026797 0.047051
6 0.924023 0.474551 0.024109 0.065927
1 0.573828 0.511819 0.011094 0.021025
6 0.572141 0.491713 0.013375 0.025281
6 0.58577 0.506278 0.01018 0.021994
6 0.585848 0.493427 0.011117 0.029831
1 0.343383 0.516931 0.029656 0.053329
6 0.346375 0.503497 0.015906 0.079017
1 0.367305 0.511397 0.020094 0.043638
6 0.369609 0.500485 0.015484 0.057935
