0 0.376215 0.492416 0.030805 0.092949
0 0.550035 0.495379 0.017602 0.055365
3 0.618789 0.530232 0.155078 0.196278
3 0.70625 0.517135 0.04625 0.098876
0 0.414184 0.481524 0.034133 0.122598
0 0.308547 0.485506 0.034078 0.138483
0 0.243102 0.493399 0.035203 0.166124
0 0.075363 0.483525 0.034117 0.15823
1 0.190848 0.526032 0.036305 0.120632
1 0.220551 0.520098 0.031898 0.092949
1 0.756426 0.561152 0.078867 0.271798
1 0.817715 0.525028 0.023492 0.048961
6 0.757148 0.459087 0.078875 0.231517
6 0.811426 0.479213 0.023867 0.061236
