1 0.58082 0.541412 0.017156 0.073048
1 0.645383 0.534916 0.023484 0.069803
3 0.953629 0.4854 0.092742 0.123385
1 0.708141 0.533294 0.020766 0.050323
1 0.686469 0.538975 0.013547 0.068174
3 0.197176 0.510569 0.394352 0.456166
1 0.552824 0.543034 0.02257 0.073062
1 0.520766 0.549529 0.021672 0.073048
1 0.602039 0.537353 0.018063 0.058441
1 0.669766 0.530042 0.014453 0.056826
1 0.623711 0.536538 0.014453 0.069817
1 0.72891 0.530042 0.015352 0.069803
6 0.469246 0.527985 0.035445 0.143048
1 0.467437 0.562381 0.073781 0.082065
