0 0.534629 0.496369 0.019805 0.069228
0 0.338258 0.481538 0.029703 0.09889
3 0.6155 0.533954 0.148531 0.203722
3 0.698551 0.509221 0.041805 0.09889
0 0.37348 0.459768 0.034133 0.122598
0 0.261242 0.46573 0.034078 0.138483
0 0.190297 0.46967 0.035203 0.166138
0 0.015941 0.46967 0.031883 0.193806
1 0.131441 0.500323 0.036305 0.120646
1 0.165543 0.504284 0.031898 0.112725
1 0.764008 0.553343 0.076672 0.248371
1 0.812473 0.528596 0.026039 0.053483
6 0.757875 0.466889 0.078875 0.231503
6 0.811426 0.478596 0.023867 0.062472
